tower: 47.64110097309533, -122.13914115070773, 121.321
enter: 47.64110097309533, -122.1375, 130
leave: 47.64110097309533, -122.1405, 130
waypoint1: 47.64110097309533, -122.1378, 160
waypoint2: 47.64133746646827, -122.1385, 160
waypoint3: 47.64151267847391, -122.1388, 160
waypoint4: 47.64157681051902, -122.13914115070773, 160
waypoint5: 47.64151267847391, -122.13938049475848, 160
waypoint6: 47.64133746646827, -122.1397, 160
waypoint7: 47.64109812241752, -122.140, 160
waypoint8: 47.64085877836676, -122.1397, 160
waypoint9: 47.640683566361126, -122.13938049475848, 160
waypoint10: 47.640619434316015, -122.13914115070773, 160
waypoint11: 47.640683566361126, -122.1388, 160
waypoint12: 47.64085877836676, -122.1385, 160
origin_right: 47.641467999997424, -122.140165, 121.521
origin_left: 47.640929010829026,-122.14016499999998,121.521
takeoff: 47.641467999997424, -122.140165, 170

