tower: -41.02475357055664,76.82245635986328,0.46929672360420227
enter: -40.65382385253906,113.03632354736328,-30.546205520629883
leave: -52.67997360229492,34.17807388305664,-34.66446304321289
waypoint1: -40.65863800048828,113.05033874511719,-30.55008316040039
waypoint2: -14.183349609375,108.24833679199219,-31.117992401123047
waypoint3: 5.225164890289307,94.91543579101562,-30.97125816345215
waypoint4: 12.305164337158203,76.40634155273438,-31.17234230041504
waypoint5: 4.854640960693359,58.86130905151367,-30.952430725097656
waypoint6: -14.49453067779541,45.508846282958984,-31.173683166503906
waypoint7: -41.11886978149414,41.050193786621094,-31.095985412597656
waypoint8: -68.009765625,45.66145324707031,-31.190536499023438
waypoint9: -87.39396667480469,58.95103073120117,-31.32139778137207
waypoint10: -94.19249725341797,77.00542449951172,-31.016845703125
waypoint11: -86.96023559570312,95.16326141357422,-31.29970932006836
waypoint12: -67.64937591552734,108.32391357421875,-31.158632278442383
takeoff: 0,0,-30